A:
测试数据：
1
Henry 1.66 55.5 70.2

运行结果：
Henry's BMI: 20--BFR: 0.23

////////////////////////////

B:
测试数据：
2
111 99 77 55 33 11 2
2 4 6 8 10 12 1

运行结果：
111 99 77 55 33 11
12 112 100 78 56 34
35 13 113 101 79 57
2 4 6 8 10 12
13 3 5 7 9 11

/////////////////////////////

C:
测试数据：
3
I207.22/Y42a8 古诗词课 2 1
O4-33/W36b2 大学物理实验 3 0
O4-33/C47d 大学物理 3 2
3
大学物理
大学物理实验
古诗词课

运行结果：
大学物理 索取号: O4-33/C47d
大学物理实验 该书已全部借出
古诗词课 索取号: I207.22/Y42a8

I207.22/Y42a8 古诗词课 2 0
O4-33/W36b2 大学物理实验 3 0
O4-33/C47d 大学物理 3 1
借出图书: 7本  剩余馆藏图书: 1本

///////////////////////////

D:
测试数据：
4
1001 86
1002 92
1003 86
1004 66

运行结果：
1002--92

///////////////////////////

E:
测试数据：
2
5 5 5 5 5 5
0 0 0 23 59 59

运行结果：
5时5分5秒--5时5分5秒时间差为0秒
0时0分0秒--23时59分59秒时间差为86399秒

////////////////////////////

F:
测试数据：
2
0 0 10 10 10 0
0 0 4 4 4 0
0 0 10 10 10 0
10 -5 5  20  5 -5

运行结果：
collide
collide

////////////////////////////

G:
测试数据：
2
20 -1 -1 -2 10 20 30 40 50 -1 -1 -1 -2 -2 3 4 5 7 40 50 50
5 1 4 1 4 4

运行结果：
11: -1 -2 10 20 30 40 50 3 4 5 7
2: 1 4
